X = [1 1; 1 0; 0 1; 0 0];

Y_AND = [1;0;0;0];
Y_OR  = [1;1;1;0];
Y_XOR = [0;1;1;0];

save 'portas' 'X' 'Y_AND' 'Y_OR' 'Y_XOR'

% AND      |  OR       |  XOR 
% 1 1 - 1  |  1 1 - 1  |  1 1 - 0
% 1 0 - 0  |  1 0 - 1  |  1 0 - 1
% 0 1 - 0  |  0 1 - 1  |  0 1 - 1
% 0 0 - 0  |  0 0 - 0  |  0 0 - 0
%          |           |
